function DFcl = matDFcl(in1,in2)
%MATDFCL
%    DFCL = MATDFCL(IN1,IN2)

%    This function was generated by the Symbolic Math Toolbox version 8.3.
%    25-Feb-2020 17:15:53

Omega1 = in1(14,:);
Omega2 = in1(15,:);
Omega3 = in1(16,:);
Omega4 = in1(17,:);
q1 = in1(4,:);
q2 = in1(5,:);
q3 = in1(6,:);
q4 = in1(7,:);
w1 = in1(11,:);
w2 = in1(12,:);
w3 = in1(13,:);
t2 = Omega1.^2;
t3 = Omega2.^2;
t4 = Omega3.^2;
t5 = Omega4.^2;
t6 = q1.^2;
t7 = q2.^2;
t8 = q3.^2;
t9 = q4.^2;
t10 = sqrt(2.0);
t11 = q1./2.0;
t12 = q2./2.0;
t13 = q3./2.0;
t14 = q4./2.0;
t15 = w1./2.0;
t16 = w2./2.0;
t17 = w3./2.0;
t18 = -t12;
t19 = -t13;
t20 = -t14;
t21 = -t15;
t22 = -t16;
t23 = -t17;
t24 = t6+t7+t8+t9;
t48 = t2.*9.900990099009901e-6;
t49 = t3.*9.900990099009901e-6;
t50 = t4.*9.900990099009901e-6;
t51 = t5.*9.900990099009901e-6;
t25 = 1.0./t24;
t53 = t48+t49+t50+t51;
t26 = t25.^2;
t27 = q1.*t25.*2.0;
t28 = q2.*t25.*2.0;
t29 = q3.*t25.*2.0;
t30 = q4.*t25.*2.0;
t31 = t6.*t25;
t32 = t7.*t25;
t33 = t8.*t25;
t34 = t9.*t25;
t39 = q3.*q4.*t25.*-2.0;
t35 = q2.*t27;
t36 = q3.*t27;
t37 = q4.*t28;
t38 = q4.*t29;
t40 = q1.*q2.*q3.*t26.*4.0;
t41 = q1.*q2.*q4.*t26.*4.0;
t42 = q1.*q3.*q4.*t26.*4.0;
t43 = q2.*q3.*q4.*t26.*4.0;
t44 = -t32;
t45 = -t33;
t46 = t36+t37;
t47 = t35+t39;
t52 = t31+t34+t44+t45;
DFcl = reshape([0.0,0.0,0.0,0.0,0.0,0.0,0.0,0.0,0.0,0.0,0.0,0.0,0.0,0.0,0.0,0.0,0.0,0.0,0.0,0.0,0.0,0.0,0.0,0.0,0.0,0.0,0.0,0.0,0.0,0.0,0.0,0.0,0.0,0.0,0.0,0.0,0.0,0.0,0.0,0.0,0.0,0.0,0.0,0.0,0.0,0.0,0.0,0.0,0.0,0.0,0.0,0.0,0.0,0.0,0.0,t15,t16,t17,-t53.*(-t29+t41+q3.*t6.*t26.*4.0),-t53.*(t28+t42-q2.*t6.*t26.*4.0),t53.*(t27-q1.^3.*t26.*2.0+q1.*t7.*t26.*2.0+q1.*t8.*t26.*2.0-q1.*t9.*t26.*2.0),0.0,0.0,0.0,0.0,0.0,0.0,0.0,0.0,0.0,0.0,t21,0.0,t23,t16,-t53.*(-t30+t40+q4.*t7.*t26.*4.0),-t53.*(t27+t43-q1.*t7.*t26.*4.0),-t53.*(t28-q2.^3.*t26.*2.0+q2.*t6.*t26.*2.0-q2.*t8.*t26.*2.0+q2.*t9.*t26.*2.0),0.0,0.0,0.0,0.0,0.0,0.0,0.0,0.0,0.0,0.0,t22,t17,0.0,t21,-t53.*(-t27+t43+q1.*t8.*t26.*4.0),t53.*(t30+t40-q4.*t8.*t26.*4.0),-t53.*(t29-q3.^3.*t26.*2.0+q3.*t6.*t26.*2.0-q3.*t7.*t26.*2.0+q3.*t9.*t26.*2.0),0.0,0.0,0.0,0.0,0.0,0.0,0.0,0.0,0.0,0.0,t23,t22,t15,0.0,-t53.*(-t28+t42+q2.*t9.*t26.*4.0),t53.*(t29+t41-q3.*t9.*t26.*4.0),t53.*(t30-q4.^3.*t26.*2.0-q4.*t6.*t26.*2.0+q4.*t7.*t26.*2.0+q4.*t8.*t26.*2.0),0.0,0.0,0.0,0.0,0.0,0.0,0.0,1.0,0.0,0.0,0.0,0.0,0.0,0.0,0.0,0.0,0.0,0.0,0.0,0.0,0.0,0.0,0.0,0.0,0.0,1.0,0.0,0.0,0.0,0.0,0.0,0.0,0.0,0.0,0.0,0.0,0.0,0.0,0.0,0.0,0.0,0.0,0.0,1.0,0.0,0.0,0.0,0.0,0.0,0.0,0.0,0.0,0.0,0.0,0.0,0.0,0.0,0.0,0.0,0.0,0.0,t18,t11,t14,t19,0.0,0.0,0.0,0.0,w3.*6.798494697228875e-1,w2.*(-5.559377418522657e-2),0.0,0.0,0.0,0.0,0.0,0.0,0.0,t19,t20,t11,t12,0.0,0.0,0.0,w3.*(-6.487764599909924e-1),0.0,w1.*(-5.559377418522657e-2),0.0,0.0,0.0,0.0,0.0,0.0,0.0,t20,t13,t18,t11,0.0,0.0,0.0,w2.*(-6.487764599909924e-1),w1.*6.798494697228875e-1,0.0,0.0,0.0,0.0,0.0,0.0,0.0,0.0,0.0,0.0,0.0,0.0,Omega1.*t46.*1.98019801980198e-5,Omega1.*t47.*(-1.98019801980198e-5),Omega1.*t52.*1.98019801980198e-5,Omega1.*t10.*(-2.702296952409548e-4),Omega1.*t10.*(-2.463222716387273e-4),Omega1.*(-1.934818127096053e-5),Omega1.*(-1.285714285714286e-2)-2.642285714285714e+1,0.0,0.0,0.0,0.0,0.0,0.0,0.0,0.0,0.0,0.0,Omega2.*t46.*1.98019801980198e-5,Omega2.*t47.*(-1.98019801980198e-5),Omega2.*t52.*1.98019801980198e-5,Omega2.*t10.*(-2.702296952409548e-4),Omega2.*t10.*2.463222716387273e-4,Omega2.*1.934818127096053e-5,0.0,Omega2.*(-1.285714285714286e-2)-2.642285714285714e+1,0.0,0.0,0.0,0.0,0.0,0.0,0.0,0.0,0.0,Omega3.*t46.*1.98019801980198e-5,Omega3.*t47.*(-1.98019801980198e-5),Omega3.*t52.*1.98019801980198e-5,Omega3.*t10.*2.702296952409548e-4,Omega3.*t10.*2.463222716387273e-4,Omega3.*(-1.934818127096053e-5),0.0,0.0,Omega3.*(-1.285714285714286e-2)-2.642285714285714e+1,0.0,0.0,0.0,0.0,0.0,0.0,0.0,0.0,Omega4.*t46.*1.98019801980198e-5,Omega4.*t47.*(-1.98019801980198e-5),Omega4.*t52.*1.98019801980198e-5,Omega4.*t10.*2.702296952409548e-4,Omega4.*t10.*(-2.463222716387273e-4),Omega4.*1.934818127096053e-5,0.0,0.0,0.0,Omega4.*(-1.285714285714286e-2)-2.642285714285714e+1],[17,17]);
