function DF = matDF(in1,in2)
%MATDF
%    DF = MATDF(IN1,IN2)

%    This function was generated by the Symbolic Math Toolbox version 8.3.
%    24-Feb-2020 17:40:35

Omega1 = in1(14,:);
Omega2 = in1(15,:);
Omega3 = in1(16,:);
Omega4 = in1(17,:);
q1 = in1(4,:);
q2 = in1(5,:);
q3 = in1(6,:);
q4 = in1(7,:);
w1 = in1(11,:);
w2 = in1(12,:);
w3 = in1(13,:);
t2 = Omega1.^2;
t3 = Omega2.^2;
t4 = Omega3.^2;
t5 = Omega4.^2;
t6 = q1.^2;
t7 = q2.^2;
t8 = q3.^2;
t9 = q4.^2;
t10 = q1./2.0;
t11 = q2./2.0;
t12 = q3./2.0;
t13 = q4./2.0;
t14 = w1./2.0;
t15 = w2./2.0;
t16 = w3./2.0;
t17 = -t11;
t18 = -t12;
t19 = -t13;
t20 = -t14;
t21 = -t15;
t22 = -t16;
t23 = t6+t7+t8+t9;
t47 = t2.*5.163510560815732e-6;
t48 = t3.*5.163510560815732e-6;
t49 = t4.*5.163510560815732e-6;
t50 = t5.*5.163510560815732e-6;
t24 = 1.0./t23;
t52 = t47+t48+t49+t50;
t25 = t24.^2;
t26 = q1.*t24.*2.0;
t27 = q2.*t24.*2.0;
t28 = q3.*t24.*2.0;
t29 = q4.*t24.*2.0;
t30 = t6.*t24;
t31 = t7.*t24;
t32 = t8.*t24;
t33 = t9.*t24;
t38 = q3.*q4.*t24.*-2.0;
t34 = q2.*t26;
t35 = q3.*t26;
t36 = q4.*t27;
t37 = q4.*t28;
t39 = q1.*q2.*q3.*t25.*4.0;
t40 = q1.*q2.*q4.*t25.*4.0;
t41 = q1.*q3.*q4.*t25.*4.0;
t42 = q2.*q3.*q4.*t25.*4.0;
t43 = -t31;
t44 = -t32;
t45 = t35+t36;
t46 = t34+t38;
t51 = t30+t33+t43+t44;
DF = reshape([0.0,0.0,0.0,0.0,0.0,0.0,0.0,0.0,0.0,0.0,0.0,0.0,0.0,0.0,0.0,0.0,0.0,0.0,0.0,0.0,0.0,0.0,0.0,0.0,0.0,0.0,0.0,0.0,0.0,0.0,0.0,0.0,0.0,0.0,0.0,0.0,0.0,0.0,0.0,0.0,0.0,0.0,0.0,0.0,0.0,0.0,0.0,0.0,0.0,0.0,0.0,0.0,0.0,0.0,0.0,t14,t15,t16,-t52.*(-t28+t40+q3.*t6.*t25.*4.0),-t52.*(t27+t41-q2.*t6.*t25.*4.0),t52.*(t26-q1.^3.*t25.*2.0+q1.*t7.*t25.*2.0+q1.*t8.*t25.*2.0-q1.*t9.*t25.*2.0),0.0,0.0,0.0,0.0,0.0,0.0,0.0,0.0,0.0,0.0,t20,0.0,t22,t15,-t52.*(-t29+t39+q4.*t7.*t25.*4.0),-t52.*(t26+t42-q1.*t7.*t25.*4.0),-t52.*(t27-q2.^3.*t25.*2.0+q2.*t6.*t25.*2.0-q2.*t8.*t25.*2.0+q2.*t9.*t25.*2.0),0.0,0.0,0.0,0.0,0.0,0.0,0.0,0.0,0.0,0.0,t21,t16,0.0,t20,-t52.*(-t26+t42+q1.*t8.*t25.*4.0),t52.*(t29+t39-q4.*t8.*t25.*4.0),-t52.*(t28-q3.^3.*t25.*2.0+q3.*t6.*t25.*2.0-q3.*t7.*t25.*2.0+q3.*t9.*t25.*2.0),0.0,0.0,0.0,0.0,0.0,0.0,0.0,0.0,0.0,0.0,t22,t21,t14,0.0,-t52.*(-t27+t41+q2.*t9.*t25.*4.0),t52.*(t28+t40-q3.*t9.*t25.*4.0),t52.*(t29-q4.^3.*t25.*2.0-q4.*t6.*t25.*2.0+q4.*t7.*t25.*2.0+q4.*t8.*t25.*2.0),0.0,0.0,0.0,0.0,0.0,0.0,0.0,1.0,0.0,0.0,0.0,0.0,0.0,0.0,0.0,0.0,0.0,0.0,0.0,0.0,0.0,0.0,0.0,0.0,0.0,1.0,0.0,0.0,0.0,0.0,0.0,0.0,0.0,0.0,0.0,0.0,0.0,0.0,0.0,0.0,0.0,0.0,0.0,1.0,0.0,0.0,0.0,0.0,0.0,0.0,0.0,0.0,0.0,0.0,0.0,0.0,0.0,0.0,0.0,0.0,0.0,t17,t10,t13,t18,0.0,0.0,0.0,0.0,w3.*6.937456078706956e-1,w2.*(-2.491920394624937e-2),0.0,0.0,0.0,0.0,0.0,0.0,0.0,t18,t19,t10,t11,0.0,0.0,0.0,w3.*(-6.80592201700381e-1),0.0,w1.*(-2.491920394624937e-2),0.0,0.0,0.0,0.0,0.0,0.0,0.0,t19,t12,t17,t10,0.0,0.0,0.0,w2.*(-6.80592201700381e-1),w1.*6.937456078706956e-1,0.0,0.0,0.0,0.0,0.0,0.0,0.0,0.0,0.0,0.0,0.0,0.0,Omega1.*t45.*1.032702112163146e-5,Omega1.*t46.*(-1.032702112163146e-5),Omega1.*t51.*1.032702112163146e-5,Omega1.*(-3.502216033598385e-4),Omega1.*(-3.357992660746056e-4),Omega1.*(-1.890967851675455e-5),Omega1.*(-3.653903040262942e-3)-1.636396971535372e+1,0.0,0.0,0.0,0.0,0.0,0.0,0.0,0.0,0.0,0.0,Omega2.*t45.*1.032702112163146e-5,Omega2.*t46.*(-1.032702112163146e-5),Omega2.*t51.*1.032702112163146e-5,Omega2.*(-3.502216033598385e-4),Omega2.*3.357992660746056e-4,Omega2.*1.890967851675455e-5,0.0,Omega2.*(-3.653903040262942e-3)-1.636396971535372e+1,0.0,0.0,0.0,0.0,0.0,0.0,0.0,0.0,0.0,Omega3.*t45.*1.032702112163146e-5,Omega3.*t46.*(-1.032702112163146e-5),Omega3.*t51.*1.032702112163146e-5,Omega3.*3.502216033598385e-4,Omega3.*3.357992660746056e-4,Omega3.*(-1.890967851675455e-5),0.0,0.0,Omega3.*(-3.653903040262942e-3)-1.636396971535372e+1,0.0,0.0,0.0,0.0,0.0,0.0,0.0,0.0,Omega4.*t45.*1.032702112163146e-5,Omega4.*t46.*(-1.032702112163146e-5),Omega4.*t51.*1.032702112163146e-5,Omega4.*3.502216033598385e-4,Omega4.*(-3.357992660746056e-4),Omega4.*1.890967851675455e-5,0.0,0.0,0.0,Omega4.*(-3.653903040262942e-3)-1.636396971535372e+1],[17,17]);
