function f = matf(in1)
%MATF
%    F = MATF(IN1)

%    This function was generated by the Symbolic Math Toolbox version 8.3.
%    24-Feb-2020 17:40:35

Omega1 = in1(14,:);
Omega2 = in1(15,:);
Omega3 = in1(16,:);
Omega4 = in1(17,:);
q1 = in1(4,:);
q2 = in1(5,:);
q3 = in1(6,:);
q4 = in1(7,:);
v1 = in1(8,:);
v2 = in1(9,:);
v3 = in1(10,:);
w1 = in1(11,:);
w2 = in1(12,:);
w3 = in1(13,:);
t2 = Omega1.^2;
t3 = Omega2.^2;
t4 = Omega3.^2;
t5 = Omega4.^2;
t6 = q1.^2;
t7 = q2.^2;
t8 = q3.^2;
t9 = q4.^2;
t10 = t6+t7+t8+t9;
t12 = t2.*5.163510560815732e-6;
t13 = t3.*5.163510560815732e-6;
t14 = t4.*5.163510560815732e-6;
t15 = t5.*5.163510560815732e-6;
t11 = 1.0./t10;
t16 = t12+t13+t14+t15;
f = [v1;v2;v3;q2.*w1.*(-1.0./2.0)-(q3.*w2)./2.0-(q4.*w3)./2.0;(q1.*w1)./2.0+(q3.*w3)./2.0-(q4.*w2)./2.0;(q1.*w2)./2.0-(q2.*w3)./2.0+(q4.*w1)./2.0;(q1.*w3)./2.0+(q2.*w2)./2.0-(q3.*w1)./2.0;t16.*(q1.*q3.*t11.*2.0+q2.*q4.*t11.*2.0);-t16.*(q1.*q2.*t11.*2.0-q3.*q4.*t11.*2.0);t16.*(t6.*t11-t7.*t11-t8.*t11+t9.*t11)-9.806649999999999;t2.*(-1.751108016799193e-4)-t3.*1.751108016799193e-4+t4.*1.751108016799193e-4+t5.*1.751108016799193e-4-w2.*w3.*6.80592201700381e-1;t2.*(-1.678996330373028e-4)+t3.*1.678996330373028e-4+t4.*1.678996330373028e-4-t5.*1.678996330373028e-4+w1.*w3.*6.937456078706956e-1;t2.*(-9.454839258377275e-6)+t3.*9.454839258377275e-6-t4.*9.454839258377275e-6+t5.*9.454839258377275e-6-w1.*w2.*2.491920394624937e-2;Omega1.*(-1.636396971535372e+1)-t2.*1.826951520131471e-3;Omega2.*(-1.636396971535372e+1)-t3.*1.826951520131471e-3;Omega3.*(-1.636396971535372e+1)-t4.*1.826951520131471e-3;Omega4.*(-1.636396971535372e+1)-t5.*1.826951520131471e-3];
